0
7
17
32
50
57
63
56
51
35
19
-1
-21
-37
-53
-58
-65
-59
-53
-37
-21
-2
18
35
51
57
63
56
51
35
19
-1
-21
-37
-53
-58
-65
-59
-53
-37
-21
-2
18
35
51
57
63
57
51
35
19
-1
-21
-37
-53
-58
-65
-59
-53
-37
-21
-2
18
35
51
57
63
57
51
35
19
-1
-21
-37
-53
-58
-65
-59
-53
-37
-21
-2
18
35
51
57
63
56
51
35
19
-1
-21
-36
-53
-58
-65
-59
-53
-38
-21
-2
18
35
50
57
62
56
51
35
19
-1
-21
-37
-53
-58
-65
-59
-53
-38
-21
-2
18
34
51
56
63
57
51
35
19
-1
-21
-36
-53
-58
-65
-59
-53
-38
-21
-2
18
35
51
57
63
56
51
35
19
-1
-21
-37
-53
-58
-65
-59
-53
-37
-21
-2
18
34
51
56
63
57
51
35
19
-1
-21
-37
-53
-58
-65
-59
-53
-37
-21
-2
18
35
50
57
62
56
51
35
19
-1
-21
-37
-53
-58
-65
-59
-53
-37
-21
