0
7
18
34
53
62
69
65
58
44
25
5
-19
-37
-54
-63
-71
-67
-60
-46
-28
-8
15
34
53
62
69
65
58
44
25
5
-19
-37
-54
-63
-71
-67
-60
-46
-28
-8
15
34
53
62
70
66
59
45
26
6
-17
-36
-55
-64
-70
-68
-60
-46
-28
-8
15
34
53
62
70
66
59
45
25
5
-19
-37
-54
-63
-71
-67
-60
-46
-28
-8
15
34
53
62
69
65
58
44
25
5
-18
-36
-53
-62
-70
-66
-61
-47
-30
-10
14
33
52
61
68
64
58
43
25
5
-19
-37
-54
-63
-72
-68
-62
-48
-29
-9
14
33
52
61
70
66
60
46
26
6
-17
-36
-53
-62
-70
-66
-61
-47
-29
-9
15
34
53
62
69
65
58
44
26
6
-17
-36
-55
-64
-71
-69
-61
-47
-28
-8
14
33
52
61
70
66
60
46
26
6
-18
-37
-54
-62
-70
-66
-60
-46
-28
-8
15
34
52
61
68
64
59
44
27
7
-17
-36
-54
-63
-71
-67
